---
build/images/background.png: 2015-05-01 17:36:49.000000000 -07:00
build/images/middleman.png: 2015-05-01 17:36:49.000000000 -07:00
