---
build/images/background.png: 2015-05-05 10:21:36.000000000 -07:00
build/images/middleman.png: 2015-05-05 10:21:36.000000000 -07:00
